 -2.085345707690334E-002
   4.00641775429714     
  -180.739652485551     
   3299.69107882038     
  -23059.9949818269     
   58071.4874505955     
   9181.33601384645     
  -196086.025799031     
   20944.1599554365     
   309326.679579087     
 -4.056170212762833E-004
 -0.129794876676399     
   32.5420885722732     
  -662.871678964249     
   7112.92022003497     
  -43715.3546142253     
   148878.763280856     
  -277448.191397797     
   264324.237488656     
  -100050.412505558     
  6.029316853712441E-003
 -0.667426526275899     
  0.904389093361928     
   6.96826082506232     
   358.821968781827     
  -3349.97020241491     
   12592.7737153646     
  -23390.5729435012     
   20519.2981358391     
  -2528.40009485713     
  0.528349176894307     
   79.1417196269049     
  -11.9358723307686     
  -978.424980331861     
   1.20204794920056     
   48.6258662808402     
  -973.183693525113     
   8420.20912187266     
   1463.10941561775     
   1242.66710682426     
   99771.5364765522     
  -4822.93809349375     
  -9082.87477115083     
   8276.35789320482     
  -25425.1010777529     
  -14623.1580399695     
  -1190.11619633808     
  -187397.879809252     
  -51227.6048792024     
  -47555.9447977271     
  -275.599129111448     
   126955.866531110     
   56742.9320274521     
  -104163.585289959     
  -132223.109345623     
   208876.080206968     
   329576.226271214     
   24669.9426895950     
   70453.6146847120     
  -76891.1063206536     
  -209135.821863504     
  -73392.4302697399     
 -0.487226917040335     
 -2.922886465091867E-002
  -29.6296298993709     
   17.3256544803006     
   1.11381155966611     
   7.74024794102068     
   299.563016550704     
   22.2173754421890     
  -582.509486763239     
  -234.357339474453     
  -26.9133239292101     
  -183.638069647874     
  -173.273428997756     
  -4439.95637384318     
   19.1020380769014     
  -6902.63414244986     
   9048.95452558466     
   6172.03876585573     
   1249.19981985461     
   101.959550423300     
   1034.72692409978     
   4541.81493919268     
   921.490428371211     
   42888.1835894541     
  -11475.4406353212     
  -31502.3597330321     
   14761.7565555363     
   73047.6567890162     
  -118661.652029077     
  -34076.0127987227     
  -30776.2040247116     
  -2000.73131790824     
   226.515145919062     
  -2299.46072147208     
  -14880.7526360924     
  -31431.8538278217     
   1323.59682848999     
  -234003.125573115     
  -134157.289690013     
   52717.0148572213     
   244017.450416787     
  -35655.8201229671     
  -204100.630048068     
  -185084.152696018     
  -138828.096073297     
   452073.812479982     
   85805.9280174229     
   70207.9656973433     
  -2770.21353126278     
  -1742.49495697725     
  -108.023378109574     
   27850.6875749491     
   72174.0818842234     
   73139.4264348874     
  -18601.7763469476     
   276508.362474223     
   114519.631905202     
  -68533.1302138575     
  -434224.423316634     
  -174056.291473410     
   86488.1436606816     
   26209.7091117163     
  -57804.2727500124     
   237435.615787710     
   507078.118409124     
  -92546.6199539677     
  -484134.059018388     
  -46505.0891093168     
  -92336.3611327768     
  -57605.7061644106     
   7669.32258682124     
   2454.52538604687     
   1543.69857603426     
  -18770.4224469516     
  -31777.6679091645     
  -142265.088340705     
  -25911.6379563583     
   29810.7573868188     
 -0.346233673563119     
 -6.841812456718976E-002
  -2.53891975452807     
   12.3496966130057     
 -0.533198085341503     
   7.67459692322030     
  -57.5223645819876     
   120.101488046627     
  -214.163760338721     
  -183.521258220535     
   30.8317190530540     
  -46.4978110442859     
  -180.085365732141     
  -1132.98081556724     
   1306.15090829859     
  -1892.81603178184     
   595.261636652334     
   1665.86634988151     
   1468.79794621346     
  -327.708996452807     
   363.733364850180     
   629.767583271402     
   1986.70429361997     
   7170.82275915665     
  -6024.08448343190     
  -2723.93911416188     
   3318.57670369239     
   13220.0529003275     
  -11144.6692741676     
  -7162.71203159566     
  -6112.63811837833     
  -6319.53898293613     
   1457.69790547802     
  -1552.79910045963     
  -2335.12583483658     
  -5507.63489108301     
  -10304.5941295886     
  -24383.4200642564     
  -12386.4922772648     
   6246.50488657615     
  -25183.7088043870     
   16442.3330254965     
   108481.905054170     
  -5128.47484149077     
  -114254.630773510     
   100835.345293688     
   15261.5654715890     
   10392.7302170364     
   13588.2496321237     
  -2942.16247400071     
   7608.34954492000     
  -18563.2450237829     
   27629.3155082709     
   23871.2597479882     
   19158.0947951938     
   28460.4312880991     
   10215.6271636854     
   1421.88549729157     
  -70212.4402529770     
   25644.4405005934     
  -20850.4551440787     
   117552.392502178     
  -107538.419319321     
  -531316.463620033     
   175457.267319945     
   274962.977507585     
  -288883.312454721     
   708.809003040664     
  -22419.5247062483     
  -3791.42057389355     
  -11508.9080368348     
   2281.14092976701     
  -14032.1077546975     
   49992.0353119484     
  -19382.5962774843     
  -61966.4657379938     
  -38236.1781969218     
   2987.53469680733     
  0.200880341163701     
   13.3679481410223     
  -8.94004044800846     
  -131.255244331531     
   160.560608189019     
   170.243228088895     
   1642.87214556515     
   111.592170125885     
  -1650.02511824186     
  -1669.62826692088     
  -21679.3965109918     
  -3545.67549201548     
   2139.00513483933     
   11517.9360274360     
   9204.44818989883     
   8471.50180691553     
   21601.5060352400     
  -3996.73598638629     
   21397.7791258822     
  -32942.5240348972     
  -30890.4847188845     
  -32782.5952961337     
  -18131.2906062868     
  -216973.051979822     
   286153.890043721     
   9355.45725092819     
  -97832.0216021170     
   135125.165770913     
   52803.7488895650     
   12515.7524464734     
   57748.6177309552     
   6158.57262506323     
  -30.8193414035029     
   82.6993770939626     
  -4343.87394766074     
  -536.113675656272     
   793.563891857488     
   95.9046454430511     
  -971.233808803451     
  -150309.909703761     
   40853.7307698835     
  -37058.1854314157     
   27831.9392992769     
   34576.8681608616     
  -11475.3363321426     
   551.839776761417     
  -1272.65322222453     
  -5431.23559013157     
  -5478.81003895494     
   7166.41960793396     
  -52608.2338718801     
   293526.832928317     
   377168.066325409     
  -134024.516705536     
  -122876.087939798     
  -398786.969867860     
  -220928.436640389     
   254160.876068908     
   380176.519825722     
   118241.319693138     
   270643.353959705     
  -297375.424216548     
  -246298.532229048     
  -12775.2432860393     
  -464207.962363344     
   41647.7933091006     
   23552.1012910109     
   2088.11010150101     
  -22518.8894289517     
   4938.88344311248     
   32971.3523761164     
  -5260.58122756363     
  -3.67664829900909     
  -6.86038537617198     
   4.73819815341816     
   8.30818646563840     
  -802.978243550708     
   1908.41188152997     
  -423.359804963398     
  -740.052581524414     
   501.962228477134     
  -110.023576923613     
   311.570626492575     
   87.1769832244937     
  -379.991925524239     
   32.8752563817324     
  -27.2065588952790     
   200.497839381923     
  -221.592716231161     
  -74067.9587825969     
  -24543.3752968801     
   15250.2873792835     
   19396.1290313375     
  -11725.8533205648     
   1320.41158923410     
   5163.37896650342     
   4382.31244422848     
  -21439.6020280171     
   17495.0592134992     
  -7387.73458046938     
   951.376400992876     
   6136.01643448715     
   10420.7706047887     
  -7848.00362223541     
  -6052.82047936771     
   1788.12087380826     
  -2618.64289697563     
  -1709.11510456847     
  -982.213455770110     
   2298.21528344369     
  -2687.15715522189     
  -4317.14998240212     
   235.589834599152     
   139.133821492223     
   774.863174453283     
   2746.99155152645     
   420.199460952457     
   4515.01555140583     
  -1938.51648069000     
  -6461.89882148143     
   3344.43174440514     
  -860319.711862137     
  -104736.970167650     
   91040.7922769688     
   122334.397653977     
   367662.487285660     
  -36034.2577661091     
   209468.630594661     
  -13391.7627719600     
   35908.4044617171     
   7199.54603276008     
  -39619.8974910503     
   15275.6543079298     
   27526.4206926816     
  -9032.59923028098     
  -10047.3562648518     
  -19148.6690080484     
  -25293.1106109091     
  -29477.4590208583     
  -63077.3554579783     
   6495.08611568364     
   41099.3363633074     
  -37221.8944873648     
  -1549.76210147214     
  -511.057599418244     
  -20090.9954751145     
  -9900.91736246259     
  -5076.13476851424     
  -108520.377504423     
   11501.7840269334     
  -37857.5694459486     
   144729.168223461     
   118717.617125149     
  -110971.029092269     
   97109.6396820631     
   11092.6776750959     
  -33148.3821218923     
  -166673.926486068     
  -40831.4120175134     
   11182.5189921467     
   18106.4019582253     
  -5357.86763069411     
   12925.4733102830     
   12748.6857089787     
   2691.93693092583     
   2409.07170111742     
  -4133.31039797907     
   4833.62436856857     
  -13886.0172574709     
   5519.54559194178     
  -643.395170754992     
   3913.36869049073     
   3065.84981011909     
   5797.15552528199     
   2622.73295302855     
   7130.85788951188     
   27510.1851980938     
   1261.99599936274     
  -7750.10565262053     
  -7809.18505018558     
  -35402.6802582673     
   26562.9486214683     
  -8140.21466433743     
  -32011.0095059247     
   14248.6872777419     
   38067.7863901828     
  -5995.21636399289     
   2.28018943503839     
   17.8215465407927     
  -11.2803017663237     
  -2.71950994566213     
   6.29585539832761     
   9.78605891502760     
   363.630338551749     
  -501.996314184094     
   685.137235560816     
   33.4747474580819     
  -410.332394547850     
   162.785713568846     
  -456.739747635966     
   149.730891830455     
  -8.45023512088626     
  -586.902746705429     
   132.934265649868     
   27.9796976865074     
   99.3330185278333     
   13.6729804233132     
   83.1456688052141     
  -25.5282629496680     
  -71.4317668893871     
   47.0612102300875     
  -293.417423109985     
  -399.550620014760     
  -37168.2166017363     
   5253.82961646114     
  -14209.4714282225     
   8787.89907959259     
  -2493.04264977013     
  -6132.19591577257     
  -3010.84401804976     
   8131.81297747347     
  -8160.08931497200     
   3151.13768524072     
  -3725.66836829640     
   101.919247228805     
  -4626.36141037825     
  -3710.53089954062     
   2360.25880479405     
  -3026.83108862485     
  -3857.47734923434     
   230.832366736631     
   1165.67509709225     
  -1121.24429195891     
   4460.75715265741     
   1901.95833134835     
  -8276.07238694485     
   4116.28668644133     
  -574.755879609933     
   2869.15546359397     
   10709.6870197083     
  -734.070176490216     
   486.533726321476     
   133.464753224319     
   244.035678954058     
   3203.46517177150     
  -212.174433960556     
   361.928082778749     
  -140.447408621821     
   967.287742388479     
  -152.459413499961     
   359.982509645416     
   151.898957764711     
  -26.7245701471929     
  -169.081058057073     
   315.072689702548     
  -1427.00733273438     
  -426.817370240876     
   1699.94222668803     
   1097.21882490881     
  -77.4942230011966     
   1385.31100475601     
   6197.82129252502     
  -111831.842985818     
   175435.613346670     
   19116.1560509230     
   4850.00227917182     
  -63794.5084000869     
   36979.2952405764     
  -61134.6250728111     
   5501.55142792314     
   47603.3152599737     
   62786.2412419218     
  -64585.2533007201     
  -17281.6371282417     
  -3512.26333316991     
  -14928.1618556677     
   25762.1350693650     
  -2408.38297442911     
   64724.3036650745     
   1272.08119273690     
  -9867.45705053659     
   7192.03626561406     
   20098.6592758601     
   22643.6131085288     
   3467.42902978485     
  -26878.8054472632     
   53567.6453425948     
  -61137.9322944778     
   62529.1488171324     
  -14065.4082330189     
   13215.7823737766     
   50635.3070483551     
   42839.1611509433     
  -27703.8449400333     
  -98.6963489281707     
   17262.5653948823     
   6816.35045099985     
   6115.20405527380     
  -8619.68400764049     
   19617.3506552770     
   12990.6977912075     
   3032.62634289136     
   6207.50415310941     
   12532.5752440227     
   32440.1515499809     
  -75164.2317071911     
  -8854.13026764182     
   7570.65313637809     
  -30426.7796512718     
  -4070.02576363134     
  -3677.76832869013     
   618.845808801450     
  -6669.02355272070     
  -39001.7059520479     
   61234.9323245919     
   18897.1859790596     
  -23392.3898397995     
  -4274.50136663402     
   52776.3717506691     
  -193.582134109980     
   9731.94650955608     
   16292.7684660746     
  -69577.7173326780     
  -4502.94769317355     
  -16977.8242029955     
   869.840771041136     
  -16819.0663397702     
   2554.86411505709     
  -33042.5245399204     
   135.569461126520     
   710.574192054912     
  -10952.9297348992     
  -282.412302475983     
   1255.20300285804     
  -620.465535176246     
  -4368.64508152029     
  -1435.72258196668     
  -1644.56347412154     
  -185.132578359880     
  -12297.5614838561     
   4352.11975350135     
   804.019182893706     
  -811.715683399669     
  -1515.00670416112     
  -1738.03871470199     
   1156.13698598614     
  -566.494753575838     
   9948.70200058797     
   428.400830892288     
   1733.41889792314     
  -1419.07819301045     
   4594.95261953005     
  -5255.95233390424     
  -2659.72736127956     
   5572.87396081817     
  -5575.53279459846     
  -2138.93321524339     
   130.531382188457     
  -2638.07003466036     
  -13.7880052527121     
  -33469.0958962085     
   20.9926093439467     
  -3.82071373856301     
   1.79674220174842     
   13.3403580712822     
   80.2792648113474     
   316.520905297304     
  -268.756069884262     
  -533.888958434389     
  -264.826888077080     
   41.5625025162120     
   49.3074844535407     
   37.6912848586915     
  -88.0190379329963     
   50.2366966063426     
  -43.2211767655588     
   196.684299498420     
  -319.332691639198     
   3250.53605397460     
  -12236.1805924999     
  -3286.76646476077     
  -1640.20886412386     
   1855.57350222651     
   2669.85264726714     
   772.656828336131     
   1173.35334488709     
   145.550720063359     
  -84.9578590892519     
   2152.97437903911     
   2526.96038398336     
  -2359.23133982050     
   9089.31154272434     
   1417.22136220300     
   1705.86311980651     
  -76.0570260644525     
  -519.392323876879     
  -235.866723592571     
  -819.884304246873     
   132.372192850906     
  -654.151105564811     
   407.874472722362     
   458.410070559324     
   196.971954967150     
   1922.38749623952     
  -3362.31317862324     
  -733.940952500561     
  -655.625647973665     
   1437.69096468563     
  -3243.04422837983     
   4270.86574593091     
  -25586.6539154887     
   7038.51059339760     
  -3993.17207185880     
   9497.56990350929     
  -17129.7594192150     
   17042.5372788076     
   40790.3146113193     
   7067.44122290926     
   2318.29878518741     
  -750.231777336046     
   7255.36398343018     
  -867.119579810768     
  -6595.89114804650     
  -2929.16462031162     
  -8567.65999529676     
  -1338.74843781528     
  -3635.42548025719     
  -3657.58542803981     
  -3511.82332419749     
   1131.09657871105     
  -13435.9983141400     
   4257.42160319357     
  -18595.3921160252     
   8358.40995063430     
   6510.96264955296     
   10195.5867788982     
   7149.51929924985     
   51829.7718541412     
  -3592.27991626410     
   5190.54619320506     
   5605.71112420061     
   13693.4267637848     
  -8816.43859859597     
  -9135.51106177538     
  -15103.2478799778     
  -4727.21095727291     
  -107807.948611966     
  -1873.53565471676     
  -2388.01505068417     
  -4116.88313247366     
  -132.551725587335     
   173.753744692180     
   2069.92489945819     
   435.138964234676     
   2989.45581898160     
  -73.9444579288902     
   1421.24079392408     
   3444.92552243892     
  -5348.93046998834     
  -2524.89737590883     
  -4505.37972254562     
  -525.514776060189     
   10472.8687840032     
  -19524.6752628855     
   3842.54745805910     
   7748.72431547520     
   226.848689316193     
   4573.69974148279     
  -17508.2310244217     
   676.657338907136     
   16873.3073201767     
   25297.0626792209     
  -2322.42718697681     
  -10180.7627688131     
   19121.9445014920     
  -15426.8021601673     
   2.61191355619784     
  -20.9077401348728     
  -1452.52637545995     
   271.675709174196     
  -36.9001574569960     
  -176.272965268608     
   457.021596883135     
   24319.9376593567     
   9543.12596562451     
  -5015.04777329198     
  -7089.78500072147     
  -1716.15878642711     
   1488.72958688565     
   1679.69808259988     
  -8878.84516522190     
   78.9873750067381     
   663.353398379043     
  -417.118473379239     
   31801.8916396080     
  -95282.2301521205     
  -141480.994025327     
   44114.1175791732     
  -9069.98956895113     
  -22257.2042599170     
   13572.3920937299     
   50271.2345519134     
  -47469.9927275882     
  -57989.8003380398     
   37820.0441037415     
   40494.5462770400     
   36862.5421404460     
  -15770.1885693808     
   43294.2383369114     
  -4450.43502416645     
  -7862.18109520992     
  -2713.02665544838     
   28139.7405538766     
   1313.90094007887     
   4023.59249858608     
  -23456.3303928637     
